T1 = 200 + 273.15;
T2 = 1000 + 273.15;
T3 = 1700 + 273.15;
T4 = 873.75;
R = 8.314;

eff = -1* R*(5/2*(T2 - T1) - (T3 -T2) + 5/2*(T4-T3))/(7/2*R*(T3-T2));
eff;